Grid 01
003020600
900305001
001806400
008102900
700000008
006708200
002609500
800203009
005010300
Grid 02
200080300
060070084
030500209
000105408
000000000
402706000
301007040
720040060
004010003
Grid 03
000000907
000420180
000705026
100904000
050000040
000507009
920108000
034059000
507000000
Grid 04
030050040
008010500
460000012
070502080
000603000
040109030
250000098
001020600
080060020
Grid 05
020810740
700003100
090002805
009040087
400208003
160030200
302700060
005600008
076051090
Grid 08
480006902
002008001
900370060
840010200
003704100
001060049
020085007
700900600
609200018
Grid 09
000900002
050123400
030000160
908000000
070000090
000000205
091000050
007439020
400007000
Grid 11
000125400
008400000
420800000
030000095
060902010
510000060
000003049
000007200
001298000
Grid 12
062340750
100005600
570000040
000094800
400000006
005830000
030000091
006400007
059083260
Grid 13
300000000
005009000
200504000
020000700
160000058
704310600
000890100
000067080
000005437